Workpiece orientation: -12.015820536963181
Workpiece points: [[552. 317.]
 [550. 317.]
 [549. 318.]
 [545. 318.]
 [544. 319.]
 [540. 319.]
 [539. 320.]
 [535. 320.]
 [534. 321.]
 [530. 321.]
 [529. 322.]
 [526. 322.]
 [525. 323.]
 [522. 323.]
 [521. 324.]
 [516. 324.]
 [515. 325.]
 [512. 325.]
 [511. 326.]
 [507. 326.]
 [506. 327.]
 [502. 327.]
 [501. 328.]
 [497. 328.]
 [496. 329.]
 [493. 329.]
 [492. 330.]
 [488. 330.]
 [487. 331.]
 [483. 331.]
 [482. 332.]
 [479. 332.]
 [478. 333.]
 [474. 333.]
 [473. 334.]
 [469. 334.]
 [468. 335.]
 [465. 335.]
 [464. 336.]
 [460. 336.]
 [459. 337.]
 [456. 337.]
 [455. 338.]
 [452. 338.]
 [451. 339.]
 [450. 339.]
 [449. 340.]
 [449. 346.]
 [450. 347.]
 [450. 351.]
 [451. 352.]
 [451. 356.]
 [452. 357.]
 [452. 360.]
 [453. 361.]
 [453. 364.]
 [454. 365.]
 [454. 369.]
 [455. 370.]
 [455. 374.]
 [456. 375.]
 [456. 379.]
 [457. 380.]
 [457. 384.]
 [458. 385.]
 [458. 388.]
 [459. 389.]
 [459. 393.]
 [460. 394.]
 [460. 398.]
 [461. 399.]
 [461. 403.]
 [462. 404.]
 [462. 408.]
 [463. 409.]
 [463. 412.]
 [464. 413.]
 [464. 414.]
 [465. 415.]
 [468. 415.]
 [469. 414.]
 [474. 414.]
 [475. 413.]
 [478. 413.]
 [479. 412.]
 [483. 412.]
 [484. 411.]
 [487. 411.]
 [488. 410.]
 [492. 410.]
 [493. 409.]
 [496. 409.]
 [497. 408.]
 [501. 408.]
 [502. 407.]
 [505. 407.]
 [506. 406.]
 [510. 406.]
 [511. 405.]
 [516. 405.]
 [517. 404.]
 [520. 404.]
 [521. 403.]
 [525. 403.]
 [526. 402.]
 [530. 402.]
 [531. 401.]
 [535. 401.]
 [536. 400.]
 [539. 400.]
 [540. 399.]
 [544. 399.]
 [545. 398.]
 [548. 398.]
 [549. 397.]
 [553. 397.]
 [554. 396.]
 [558. 396.]
 [559. 395.]
 [562. 395.]
 [563. 394.]
 [567. 394.]
 [568. 393.]
 [569. 393.]
 [569. 388.]
 [568. 387.]
 [568. 383.]
 [567. 382.]
 [567. 378.]
 [566. 377.]
 [566. 373.]
 [565. 372.]
 [565. 368.]
 [564. 367.]
 [564. 364.]
 [563. 363.]
 [563. 359.]
 [562. 358.]
 [562. 354.]
 [561. 353.]
 [561. 350.]
 [560. 349.]
 [560. 345.]
 [559. 344.]
 [559. 341.]
 [558. 340.]
 [558. 336.]
 [557. 335.]
 [557. 332.]
 [556. 331.]
 [556. 328.]
 [555. 327.]
 [555. 323.]
 [554. 322.]
 [554. 319.]
 [552. 317.]]
Contour orientation: -76.48861479882864
Contour points: [[806. 170.]
 [806. 171.]
 [805. 172.]
 [805. 173.]
 [804. 174.]
 [804. 177.]
 [803. 178.]
 [803. 181.]
 [802. 182.]
 [802. 185.]
 [801. 186.]
 [801. 189.]
 [800. 190.]
 [800. 193.]
 [799. 194.]
 [799. 197.]
 [798. 198.]
 [798. 202.]
 [797. 203.]
 [797. 206.]
 [796. 207.]
 [796. 210.]
 [795. 211.]
 [795. 214.]
 [794. 215.]
 [794. 218.]
 [793. 219.]
 [793. 222.]
 [792. 223.]
 [792. 227.]
 [791. 228.]
 [791. 231.]
 [790. 232.]
 [790. 235.]
 [789. 236.]
 [789. 239.]
 [788. 240.]
 [788. 243.]
 [787. 244.]
 [787. 247.]
 [786. 248.]
 [786. 251.]
 [785. 252.]
 [785. 256.]
 [784. 257.]
 [784. 260.]
 [783. 261.]
 [783. 264.]
 [782. 265.]
 [782. 268.]
 [781. 269.]
 [781. 274.]
 [782. 274.]
 [783. 275.]
 [785. 275.]
 [786. 276.]
 [789. 276.]
 [790. 277.]
 [793. 277.]
 [794. 278.]
 [797. 278.]
 [798. 279.]
 [801. 279.]
 [802. 280.]
 [806. 280.]
 [807. 281.]
 [810. 281.]
 [811. 282.]
 [814. 282.]
 [815. 283.]
 [819. 283.]
 [820. 284.]
 [823. 284.]
 [824. 285.]
 [827. 285.]
 [828. 286.]
 [831. 286.]
 [832. 287.]
 [835. 287.]
 [836. 288.]
 [839. 288.]
 [840. 289.]
 [843. 289.]
 [844. 290.]
 [847. 290.]
 [848. 291.]
 [852. 291.]
 [853. 292.]
 [856. 292.]
 [857. 291.]
 [857. 290.]
 [858. 289.]
 [858. 286.]
 [859. 285.]
 [859. 282.]
 [860. 281.]
 [860. 278.]
 [861. 277.]
 [861. 274.]
 [862. 273.]
 [862. 270.]
 [863. 269.]
 [863. 266.]
 [864. 265.]
 [864. 261.]
 [865. 260.]
 [865. 257.]
 [866. 256.]
 [866. 252.]
 [867. 251.]
 [867. 248.]
 [868. 247.]
 [868. 244.]
 [869. 243.]
 [869. 240.]
 [870. 239.]
 [870. 236.]
 [871. 235.]
 [871. 232.]
 [872. 231.]
 [872. 228.]
 [873. 227.]
 [873. 224.]
 [874. 223.]
 [874. 219.]
 [875. 218.]
 [875. 215.]
 [876. 214.]
 [876. 211.]
 [877. 210.]
 [877. 207.]
 [878. 206.]
 [878. 202.]
 [879. 201.]
 [879. 198.]
 [880. 197.]
 [880. 194.]
 [881. 193.]
 [881. 188.]
 [880. 187.]
 [878. 187.]
 [877. 186.]
 [875. 186.]
 [874. 185.]
 [871. 185.]
 [870. 184.]
 [866. 184.]
 [865. 183.]
 [862. 183.]
 [861. 182.]
 [858. 182.]
 [857. 181.]
 [854. 181.]
 [853. 180.]
 [850. 180.]
 [849. 179.]
 [845. 179.]
 [844. 178.]
 [841. 178.]
 [840. 177.]
 [838. 177.]
 [837. 176.]
 [833. 176.]
 [832. 175.]
 [829. 175.]
 [828. 174.]
 [824. 174.]
 [823. 173.]
 [820. 173.]
 [819. 172.]
 [816. 172.]
 [815. 171.]
 [812. 171.]
 [811. 170.]
 [806. 170.]]
Calculated rotation difference: -64.47279426186546
