Workpiece orientation: -12.043313406882463
Workpiece points: [[552. 317.]
 [550. 317.]
 [549. 318.]
 [545. 318.]
 [544. 319.]
 [540. 319.]
 [539. 320.]
 [535. 320.]
 [534. 321.]
 [530. 321.]
 [529. 322.]
 [526. 322.]
 [525. 323.]
 [522. 323.]
 [521. 324.]
 [516. 324.]
 [515. 325.]
 [511. 325.]
 [510. 326.]
 [507. 326.]
 [506. 327.]
 [502. 327.]
 [501. 328.]
 [497. 328.]
 [496. 329.]
 [492. 329.]
 [491. 330.]
 [488. 330.]
 [487. 331.]
 [483. 331.]
 [482. 332.]
 [478. 332.]
 [477. 333.]
 [474. 333.]
 [473. 334.]
 [469. 334.]
 [468. 335.]
 [464. 335.]
 [463. 336.]
 [460. 336.]
 [459. 337.]
 [455. 337.]
 [454. 338.]
 [452. 338.]
 [451. 339.]
 [450. 339.]
 [449. 340.]
 [449. 345.]
 [450. 346.]
 [450. 350.]
 [451. 351.]
 [451. 355.]
 [452. 356.]
 [452. 359.]
 [453. 360.]
 [453. 364.]
 [454. 365.]
 [454. 368.]
 [455. 369.]
 [455. 373.]
 [456. 374.]
 [456. 378.]
 [457. 379.]
 [457. 383.]
 [458. 384.]
 [458. 387.]
 [459. 388.]
 [459. 392.]
 [460. 393.]
 [460. 397.]
 [461. 398.]
 [461. 402.]
 [462. 403.]
 [462. 407.]
 [463. 408.]
 [463. 412.]
 [464. 413.]
 [464. 414.]
 [465. 415.]
 [468. 415.]
 [469. 414.]
 [473. 414.]
 [474. 413.]
 [478. 413.]
 [479. 412.]
 [483. 412.]
 [484. 411.]
 [487. 411.]
 [488. 410.]
 [491. 410.]
 [492. 409.]
 [496. 409.]
 [497. 408.]
 [500. 408.]
 [501. 407.]
 [505. 407.]
 [506. 406.]
 [509. 406.]
 [510. 405.]
 [515. 405.]
 [516. 404.]
 [520. 404.]
 [521. 403.]
 [524. 403.]
 [525. 402.]
 [529. 402.]
 [530. 401.]
 [534. 401.]
 [535. 400.]
 [539. 400.]
 [540. 399.]
 [543. 399.]
 [544. 398.]
 [548. 398.]
 [549. 397.]
 [553. 397.]
 [554. 396.]
 [557. 396.]
 [558. 395.]
 [562. 395.]
 [563. 394.]
 [566. 394.]
 [567. 393.]
 [568. 393.]
 [569. 392.]
 [569. 388.]
 [568. 387.]
 [568. 383.]
 [567. 382.]
 [567. 378.]
 [566. 377.]
 [566. 373.]
 [565. 372.]
 [565. 368.]
 [564. 367.]
 [564. 364.]
 [563. 363.]
 [563. 359.]
 [562. 358.]
 [562. 354.]
 [561. 353.]
 [561. 349.]
 [560. 348.]
 [560. 345.]
 [559. 344.]
 [559. 340.]
 [558. 339.]
 [558. 336.]
 [557. 335.]
 [557. 332.]
 [556. 331.]
 [556. 327.]
 [555. 326.]
 [555. 323.]
 [554. 322.]
 [554. 319.]
 [552. 317.]]
Contour orientation: 20.390738560578416
Contour points: [[542. 321.]
 [542. 322.]
 [541. 323.]
 [541. 324.]
 [540. 325.]
 [540. 327.]
 [539. 328.]
 [539. 329.]
 [538. 330.]
 [538. 332.]
 [537. 333.]
 [537. 334.]
 [536. 335.]
 [536. 337.]
 [535. 338.]
 [535. 339.]
 [534. 340.]
 [534. 342.]
 [533. 343.]
 [533. 345.]
 [532. 346.]
 [532. 347.]
 [531. 348.]
 [531. 350.]
 [530. 351.]
 [530. 352.]
 [529. 353.]
 [529. 355.]
 [528. 356.]
 [528. 358.]
 [527. 359.]
 [527. 360.]
 [526. 361.]
 [526. 363.]
 [525. 364.]
 [525. 366.]
 [524. 367.]
 [524. 368.]
 [523. 369.]
 [523. 371.]
 [522. 372.]
 [522. 374.]
 [521. 375.]
 [521. 376.]
 [520. 377.]
 [520. 379.]
 [519. 380.]
 [519. 382.]
 [518. 383.]
 [518. 384.]
 [517. 385.]
 [517. 387.]
 [516. 388.]
 [516. 390.]
 [515. 391.]
 [515. 397.]
 [516. 397.]
 [517. 398.]
 [518. 398.]
 [519. 399.]
 [520. 399.]
 [521. 400.]
 [523. 400.]
 [524. 401.]
 [525. 401.]
 [526. 402.]
 [528. 402.]
 [529. 403.]
 [531. 403.]
 [532. 404.]
 [533. 404.]
 [534. 405.]
 [536. 405.]
 [537. 406.]
 [538. 406.]
 [539. 407.]
 [541. 407.]
 [542. 408.]
 [544. 408.]
 [545. 409.]
 [547. 409.]
 [548. 410.]
 [549. 410.]
 [550. 411.]
 [552. 411.]
 [553. 412.]
 [554. 412.]
 [555. 413.]
 [557. 413.]
 [558. 414.]
 [560. 414.]
 [561. 415.]
 [562. 415.]
 [563. 416.]
 [565. 416.]
 [566. 417.]
 [568. 417.]
 [569. 418.]
 [570. 418.]
 [571. 419.]
 [573. 419.]
 [574. 420.]
 [576. 420.]
 [577. 421.]
 [578. 421.]
 [579. 422.]
 [581. 422.]
 [582. 423.]
 [584. 423.]
 [585. 424.]
 [586. 424.]
 [587. 425.]
 [589. 425.]
 [590. 426.]
 [592. 426.]
 [593. 427.]
 [594. 427.]
 [595. 428.]
 [597. 428.]
 [598. 429.]
 [599. 429.]
 [600. 430.]
 [602. 430.]
 [603. 431.]
 [605. 431.]
 [606. 432.]
 [608. 432.]
 [609. 433.]
 [611. 433.]
 [612. 434.]
 [614. 434.]
 [615. 435.]
 [620. 435.]
 [623. 432.]
 [622. 431.]
 [622. 430.]
 [623. 429.]
 [623. 427.]
 [624. 426.]
 [624. 424.]
 [625. 423.]
 [625. 422.]
 [626. 421.]
 [626. 419.]
 [627. 418.]
 [627. 416.]
 [628. 415.]
 [628. 413.]
 [629. 412.]
 [629. 411.]
 [630. 410.]
 [630. 408.]
 [631. 407.]
 [631. 405.]
 [632. 404.]
 [632. 403.]
 [633. 402.]
 [633. 400.]
 [634. 399.]
 [634. 397.]
 [635. 396.]
 [635. 395.]
 [636. 394.]
 [636. 392.]
 [637. 391.]
 [637. 389.]
 [638. 388.]
 [638. 387.]
 [639. 386.]
 [639. 385.]
 [640. 384.]
 [640. 382.]
 [641. 381.]
 [641. 379.]
 [642. 378.]
 [642. 377.]
 [643. 376.]
 [643. 374.]
 [644. 373.]
 [644. 372.]
 [645. 371.]
 [645. 369.]
 [646. 368.]
 [646. 367.]
 [647. 366.]
 [647. 363.]
 [648. 362.]
 [647. 361.]
 [647. 360.]
 [645. 358.]
 [644. 358.]
 [643. 357.]
 [642. 357.]
 [641. 356.]
 [640. 356.]
 [639. 355.]
 [637. 355.]
 [636. 354.]
 [635. 354.]
 [634. 353.]
 [632. 353.]
 [631. 352.]
 [629. 352.]
 [628. 351.]
 [626. 351.]
 [625. 350.]
 [624. 350.]
 [623. 349.]
 [621. 349.]
 [620. 348.]
 [618. 348.]
 [617. 347.]
 [615. 347.]
 [614. 346.]
 [612. 346.]
 [611. 345.]
 [609. 345.]
 [608. 344.]
 [607. 344.]
 [606. 343.]
 [604. 343.]
 [603. 342.]
 [601. 342.]
 [600. 341.]
 [599. 341.]
 [598. 340.]
 [596. 340.]
 [595. 339.]
 [594. 339.]
 [593. 338.]
 [591. 338.]
 [590. 337.]
 [588. 337.]
 [587. 336.]
 [586. 336.]
 [585. 335.]
 [583. 335.]
 [582. 334.]
 [580. 334.]
 [579. 333.]
 [578. 333.]
 [577. 332.]
 [575. 332.]
 [574. 331.]
 [572. 331.]
 [571. 330.]
 [570. 330.]
 [569. 329.]
 [567. 329.]
 [566. 328.]
 [564. 328.]
 [563. 327.]
 [562. 327.]
 [561. 326.]
 [559. 326.]
 [558. 325.]
 [556. 325.]
 [555. 324.]
 [554. 324.]
 [553. 323.]
 [551. 323.]
 [550. 322.]
 [548. 322.]
 [547. 321.]
 [542. 321.]]
Calculated rotation difference: 32.434051967460874
